-0.06,-10.79,2242
-0.06,-10.67,2333
-0.04,-10.00,2425
-0.04,-9.89,2516
-0.04,-9.89,2608
-0.04,-9.45,2699
-0.04,-9.85,2791
-0.04,-9.85,2882
-0.04,-9.89,2973
-0.05,-10.00,3065
-0.05,-10.00,3156
-0.05,-9.96,3248
-0.05,-9.92,3339
-0.05,-10.00,3431
-0.05,-10.08,3522
-0.05,-10.00,3613
-0.05,-9.85,3704
-0.05,-9.96,3796
-0.05,-9.92,3888
-0.05,-9.96,3979
-0.05,-9.96,4071
-0.05,-9.96,4162
-0.05,-10.04,4253
-0.04,-9.85,4344
-0.05,-9.81,4436
-0.05,-9.92,4528
-0.05,-9.89,4619
-0.05,-8.55,4710
-0.05,-2.59,4802
-0.06,-7.61,4893
-0.05,-11.30,4984
-0.04,-10.20,5076
-0.03,-10.00,5168
-0.03,-9.92,5259
-0.03,-9.92,5350
-0.03,-9.92,5442
-0.03,-10.00,5533
-0.03,-9.96,5624
-0.03,-9.96,5716
-0.03,-9.96,5808
-0.03,-9.92,5899
-0.03,-9.92,5990
-0.03,-9.92,6082
-0.03,-9.96,6173
-0.04,-9.96,6264
-0.04,-9.92,6356
-0.03,-9.92,6448
-0.03,-9.96,6539
-0.04,-9.92,6630
-0.04,-9.96,6722
-0.04,-9.92,6813
-0.04,-9.92,6904
-0.03,-9.96,6995
-0.03,-9.92,7088
-0.04,-9.92,7179
-0.03,-9.96,7270
-0.03,-9.96,7362
-0.03,-9.92,7453
-0.03,-9.96,7544
-0.03,-9.89,7635
-0.03,-9.89,7728
-0.03,-9.92,7819
-0.03,-10.08,7910
-0.03,-10.00,8002
-0.03,-9.92,8093
-0.03,-9.96,8184
-0.03,-9.92,8275
-0.03,-9.92,8368
-0.03,-9.96,8459
-0.03,-9.96,8550
-0.03,-9.96,8641